 0 16 25 22 28 30 26  9 23  5 17 10 30 21  1  3 10 12 25 11  6 21 23  7 29  4 18  1  8 21 
16  0 13 21  1 19  4 12  4 24 17 13  5 29 24 25 19 29 10 23 12 22  4 16 26 10 20 25 21 13 
25 13  0 30  4  3 29  6  5 16 22 27 29 25  2 11 30 16  8 14  9 27 30  3 11  9 27  9 11 25 
22 21 30  0 14 18 21 21 17  1 27 16 14 12  2 18 12 29 28  4 30 23  9 22 21 12 25 21  3 26 
28  1  4 14  0  9  6 16  5 11  8 21 11 16 13  9 28  9  8 27 25  7 28  6  3  7 30 30 11 14 
30 19  3 18  9  0 22  8 23 11 28  2  1 15 27 10  5  2 12 15 26 12 25 17  9  2 26 13  3  1 
26  4 29 21  6 22  0 10  8 22  9 17  3  6 22  8 18 12 13 27  2 25 15 27 29 20 12 17  3 14 
 9 12  6 21 16  8 10  0 15  8 22 15 27  2  9 23 16 12 24  8 14  6  1 11  7  2 13 22 26 12 
23  4  5 17  5 23  8 15  0  9 10 11 12 13 16 21  1 23  2  1 14 18 19  2 25  2 15 18 25  8 
 5 24 16  1 11 11 22  8  9  0 16  5 28 15  2  8 29 15 15 26  1  2 15  6  6 27 22 11 30 19 
17 17 22 27  8 28  9 22 10 16  0  1 23 13 16  4  2  7 11  6 23 15  3  2  8 24 25 30  3  6 
10 13 27 16 21  2 17 15 11  5  1  0  2  1 28 12  6 19 17 20 16 18 24 15  2 28 11  2 14  8 
30  5 29 14 11  1  3 27 12 28 23  2  0 11 23  1  4 19 11  7 26 13  3 23 13  4 29 30 30 21 
21 29 25 12 16 15  6  2 13 15 13  1 11  0 11 29 25 26 12 13  3  7  2  7 30 21 23 24 28 27 
 1 24  2  2 13 27 22  9 16  2 16 28 23 11  0 18 21  2 14 16  5 17 10 24 10 22 25  1 15 15 
 3 25 11 18  9 10  8 23 21  8  4 12  1 29 18  0  7 15 22 17 11 23 10 15  7 21 19 22 22 14 
10 19 30 12 28  5 18 16  1 29  2  6  4 25 21  7  0 17 19 20 19 10 12 11  3 23 20 18 21  8 
12 29 16 29  9  2 12 12 23 15  7 19 19 26  2 15 17  0  8 21  1  7 11  6 14  2 19 19 30  8 
25 10  8 28  8 12 13 24  2 15 11 17 11 12 14 22 19  8  0 10 26 14 21  7 18 13 19 19 11 27 
11 23 14  4 27 15 27  8  1 26  6 20  7 13 16 17 20 21 10  0 14  2 20 13 18 28 27  8 30 17 
 6 12  9 30 25 26  2 14 14  1 23 16 26  3  5 11 19  1 26 14  0 25 19 15  4 28 16 12 29  4 
21 22 27 23  7 12 25  6 18  2 15 18 13  7 17 23 10  7 14  2 25  0  9  8 18 17  9 29 25 15 
23  4 30  9 28 25 15  1 19 15  3 24  3  2 10 10 12 11 21 20 19  9  0 14 17  5 24 13 15 15 
 7 16  3 22  6 17 27 11  2  6  2 15 23  7 24 15 11  6  7 13 15  8 14  0 29 19 15 18 27 10 
29 26 11 21  3  9 29  7 25  6  8  2 13 30 10  7  3 14 18 18  4 18 17 29  0  6 11  5  8  8 
 4 10  9 12  7  2 20  2  2 27 24 28  4 21 22 21 23  2 13 28 28 17  5 19  6  0 16 30 14 10 
18 20 27 25 30 26 12 13 15 22 25 11 29 23 25 19 20 19 19 27 16  9 24 15 11 16  0 11 21 20 
 1 25  9 21 30 13 17 22 18 11 30  2 30 24  1 22 18 19 19  8 12 29 13 18  5 30 11  0 13  8 
 8 21 11  3 11  3  3 26 25 30  3 14 30 28 15 22 21 30 11 30 29 25 15 27  8 14 21 13  0 25 
21 13 25 26 14  1 14 12  8 19  6  8 21 27 15 14  8  8 27 17  4 15 15 10  8 10 20  8 25  0 

 0 25 10 22  5 28  9 21 21 30 14 10 20 15  2  9 29 14 26 28 17 21  2  5 23 18  1  3  4 19 
25  0 12 18  4  1 26 26 30 23 27 15 21 12 24 22  3 13  5  7 25  7 20 11 30  8 29  8  5 19 
10 12  0  8 17 20 30  7  5 10 21 16  8  2  9 24 28 27  9  5  2 10 16  5  4  9 19 11  6 18 
22 18  8  0 16 28  7 12 23 30 16  6 10  3 12 15 30 28 18  2  9 12 12 23 10 14 13 10 11 23 
 5  4 17 16  0 17 19 21 27 28  9 11 28 17 19  6 30 19 24  7 27 15 26 26 13 27 21 11 14  1 
28  1 20 28 17  0 24 20  5 12 12  1 23  2 10 10 26 26 25 18  9 21 24  5 28 20 25 20 26 17 
 9 26 30  7 19 24  0  1 14  6 11  5  3 17 30 19 10 15  5  9 11 18  8 11  8  3 19 26 12 29 
21 26  7 12 21 20  1  0 23  1  2 20 15 15 18  5 22 14 17 15 24  8 24  6 26  8 13 29  8 28 
21 30  5 23 27  5 14 23  0 10 11 16 19  7 20  6  3 22  9 15 25 22  7 17 16 19 27 11 16 18 
30 23 10 30 28 12  6  1 10  0 12 16  5 22 19 22 12 15 24  6 14 25 29  1 16  8 29 30 20 23 
14 27 21 16  9 12 11  2 11 12  0  5 28  7 27  9 25 13  8 10 12  3  3  9 20  4 16  5  5 12 
10 15 16  6 11  1  5 20 16 16  5  0 25 16  9  7  8  8 18 20 13 19  6 19 20 20  3 26 29  2 
20 21  8 10 28 23  3 15 19  5 28 25  0 30  1 17  6 14  8 28 26 17 23  9  1 21 28 20  8 22 
15 12  2  3 17  2 17 15  7 22  7 16 30  0 24 30 30  8  1  7 29 20  3 26 25  4  6 22 11 16 
 2 24  9 12 19 10 30 18 20 19 27  9  1 24  0 20 24 11  2 11 22 12 30 19 20 29 25 19  5  9 
 9 22 24 15  6 10 19  5  6 22  9  7 17 30 20  0  6 21 13  9 27 18  8 12 30 13 17  5 26 24 
29  3 28 30 30 26 10 22  3 12 25  8  6 30 24  6  0  5 25 15 11 13 14 22 19 30  3 14  7 25 
14 13 27 28 19 26 15 14 22 15 13  8 14  8 11 21  5  0 11 25 24 30  1 19  9 25 28 28  3 29 
26  5  9 18 24 25  5 17  9 24  8 18  8  1  2 13 25 11  0  1 15  7  7 11 18 15  1  8 14 20 
28  7  5  2  7 18  9 15 15  6 10 20 28  7 11  9 15 25  1  0 17 28 12 26 26 13 11 23  1 19 
17 25  2  9 27  9 11 24 25 14 12 13 26 29 22 27 11 24 15 17  0 18 28 20 16  3 20  5 25 18 
21  7 10 12 15 21 18  8 22 25  3 19 17 20 12 18 13 30  7 28 18  0  9 30 27 26 14  4 28 20 
 2 20 16 12 26 24  8 24  7 29  3  6 23  3 30  8 14  1  7 12 28  9  0  9  2 17 24 15 23  9 
 5 11  5 23 26  5 11  6 17  1  9 19  9 26 19 12 22 19 11 26 20 30  9  0 10  8  6 20 11  6 
23 30  4 10 13 28  8 26 16 16 20 20  1 25 20 30 19  9 18 26 16 27  2 10  0  2 18  6  2 26 
18  8  9 14 27 20  3  8 19  8  4 20 21  4 29 13 30 25 15 13  3 26 17  8  2  0  6 19 25 13 
 1 29 19 13 21 25 19 13 27 29 16  3 28  6 25 17  3 28  1 11 20 14 24  6 18  6  0  2  3  5 
 3  8 11 10 11 20 26 29 11 30  5 26 20 22 19  5 14 28  8 23  5  4 15 20  6 19  2  0 19 23 
 4  5  6 11 14 26 12  8 16 20  5 29  8 11  5 26  7  3 14  1 25 28 23 11  2 25  3 19  0  8 
19 19 18 23  1 17 29 28 18 23 12  2 22 16  9 24 25 29 20 19 18 20  9  6 26 13  5 23  8  0 

 0 27  7 19  5 11 13  8 22 19 27 21 20  9 23 16 17  1 27 23 29 15 11  1  4  1 17 23  9  3 
27  0 29 25  9 11 22  7 26  7 14 13 29 26  5 26 10  1 17  9  7 28 22 30 26 17  6  4  7 30 
 7 29  0  3 27  5 29 24  6  7 27 27 28 14 21  5 28 27 17 15  1 30  6  5 10 22  2 14 23 28 
19 25  3  0 25  8  2 23  7 15 10 19  8  7 10  1 11 20 25 17  7 29 30 26 12  8 23 29 19 20 
 5  9 27 25  0  4 14 18  5 21  7 15 10 20  2  5 23 24 25  8  2 20 25 12 24  6 29 10  8 26 
11 11  5  8  4  0 24 30 29 30 13  6  4 30 21 17 15 15 11 16 19 29 29 28 28  6  3 29  7 24 
13 22 29  2 14 24  0 29  1 29 16 19 29 25 26 25  4  4 19  2 16 13 16 16 28  5  2  1 24  9 
 8  7 24 23 18 30 29  0  2 13 20 19 20  3 17  3 10  3 22 28 11  5 26 25  9 16 18 16  5 26 
22 26  6  7  5 29  1  2  0 23 17 29  1 26 19  6 12 24  4 28 23  8  5  1 28 25  9  8 28  8 
19  7  7 15 21 30 29 13 23  0 26 20  4  3 21 28 29  6  4 20 27 15 21 20 23 30 23  2  4 15 
27 14 27 10  7 13 16 20 17 26  0 10  5 25  5  1  4  5 16 13 18 11 27 13  5 19 14 17 14  7 
21 13 27 19 15  6 19 19 29 20 10  0  2 25 13 15 25  1  4  9 19  1  5 18 22 12  9 26 29 17 
20 29 28  8 10  4 29 20  1  4  5  2  0  5 10  8 26  7  7 16 29 13  7 28 21 11 26 13  3  4 
 9 26 14  7 20 30 25  3 26  3 25 25  5  0 13  3 29  5  9 13 15 28 30 12 15 25 22 25 19  9 
23  5 21 10  2 21 26 17 19 21  5 13 10 13  0 17 20  1 15  9  9 23  3 23 15 20 15 28 13 20 
16 26  5  1  5 17 25  3  6 28  1 15  8  3 17  0 14  8  9  8 23 26 24 21 24 19 11 23 27 28 
17 10 28 11 23 15  4 10 12 29  4 25 26 29 20 14  0  3  4 11 18 20 18 26  1  8  2  5 21 29 
 1  1 27 20 24 15  4  3 24  6  5  1  7  5  1  8  3  0 17 22 14 11 30 16 14 13 21 17  7 26 
27 17 17 25 25 11 19 22  4  4 16  4  7  9 15  9  4 17  0 26  1  6 11  7  2 21  3 15 27 20 
23  9 15 17  8 16  2 28 28 20 13  9 16 13  9  8 11 22 26  0  6 28 18 28 22 13  4 18  2 16 
29  7  1  7  2 19 16 11 23 27 18 19 29 15  9 23 18 14  1  6  0  3 30 12 28 10 18 12  8 11 
15 28 30 29 20 29 13  5  8 15 11  1 13 28 23 26 20 11  6 28  3  0 23 25 19 16 11 21 16  2 
11 22  6 30 25 29 16 26  5 21 27  5  7 30  3 24 18 30 11 18 30 23  0  3 18  3  1 16 15 14 
 1 30  5 26 12 28 16 25  1 20 13 18 28 12 23 21 26 16  7 28 12 25  3  0 25 22 20 16 17  1 
 4 26 10 12 24 28 28  9 28 23  5 22 21 15 15 24  1 14  2 22 28 19 18 25  0 16 25 20 12 28 
 1 17 22  8  6  6  5 16 25 30 19 12 11 25 20 19  8 13 21 13 10 16  3 22 16  0  4  9  6 14 
17  6  2 23 29  3  2 18  9 23 14  9 26 22 15 11  2 21  3  4 18 11  1 20 25  4  0 26 15  1 
23  4 14 29 10 29  1 16  8  2 17 26 13 25 28 23  5 17 15 18 12 21 16 16 20  9 26  0  9 10 
 9  7 23 19  8  7 24  5 28  4 14 29  3 19 13 27 21  7 27  2  8 16 15 17 12  6 15  9  0 29 
 3 30 28 20 26 24  9 26  8 15  7 17  4  9 20 28 29 26 20 16 11  2 14  1 28 14  1 10 29  0 
