 0  2  7  5  2  8  5 30 27 21 20  1  3  4 30  5  2  2 10 15  8 19 13 23  3 
 2  0 25 12 18 18 30 14 11 23  8 11  6 25 30  1 13  2  1 14 26 19 24 14 28 
 7 25  0 23 21 18 19 24  5 16 12 11 17 13 25 27 15 13 30 14 17 26  2  4 16 
 5 12 23  0 25  8  3 13 16 20 17 22 17  9  6 15 13 27  3  4 16  2 15 27  5 
 2 18 21 25  0 16 18 11 10 22 19  8 22 23 29 20  1 22 25 27 16 15 11 15  6 
 8 18 18  8 16  0  9  3  1  3 18  9 27 14  5 22 11  9 11 18  8 17 17 27 12 
 5 30 19  3 18  9  0 26  9 23 26 25  8  6  4 29  4 16 18  3  6 12 11  8  9 
30 14 24 13 11  3 26  0  6  1 30 22 28 10  2 16 10  2  9  8 11 14 12  1 30 
27 11  5 16 10  1  9  6  0  8 21 20  9 13 20 14 11 16 10 10 19 18 14 26 25 
21 23 16 20 22  3 23  1  8  0 16 27 22 27 25  3 10 28  8 19 10 16 22  6 26 
20  8 12 17 19 18 26 30 21 16  0 21 10 16 29 17 14 23 23 30 28  4 19 20  2 
 1 11 11 22  8  9 25 22 20 27 21  0 16 21 25 25 17 11 21 12  4 28  8  7 14 
 3  6 17 17 22 27  8 28  9 22 10 16  0  2 30 18 19 24  8 28  7  8 17 13 14 
 4 25 13  9 23 14  6 10 13 27 16 21  2  0  5 15  4 24  4  5 12  6 24 16  1 
30 30 25  6 29  5  4  2 20 25 29 25 30  5  0 28 17 23 12 18 29 12  7 17 23 
 5  1 27 15 20 22 29 16 14  3 17 25 18 15 28  0 24 21  1 16 16 26 16 20 16 
 2 13 15 13  1 11  4 10 11 10 14 17 19  4 17 24  0 22 29  1 29  4 10 21 26 
 2  2 13 27 22  9 16  2 16 28 23 11 24 24 23 21 22  0 18 29  9 17  5 10  3 
10  1 30  3 25 11 18  9 10  8 23 21  8  4 12  1 29 18  0  2  2 25  1 11  5 
15 14 14  4 27 18  3  8 10 19 30 12 28  5 18 16  1 29  2  0 12 10 25 20 11 
 8 26 17 16 16  8  6 11 19 10 28  4  7 12 29 16 29  9  2 12  0  8 22 23 19 
19 19 26  2 15 17 12 14 18 16  4 28  8  6 12 26  4 17 25 10  8  0 20 26  1 
13 24  2 15 11 17 11 12 14 22 19  8 17 24  7 16 10  5  1 25 22 20  0  3 26 
23 14  4 27 15 27  8  1 26  6 20  7 13 16 17 20 21 10 11 20 23 26  3  0 14 
 3 28 16  5  6 12  9 30 25 26  2 14 14  1 23 16 26  3  5 11 19  1 26 14  0 

 0 17 28 11 23 11  2  4 10  4  3  9 19 25 18 29  9 10  9 12 10 20 15  7 17 
17  0  5 26  7 10  6 13  3  9 11 26 20 23 28 19 12 10 27 17 14 19  6 17  6 
28  5  0  3  9  8 20 21  1 30 15 30 29 19 14  1 11 15 22  8 26 27 10 29 19 
11 26  3  0 12 17 10  1  9 14 12  7 22 29 18 27  2 16 27  4  3  9 19  3 14 
23  7  9 12  0 17 10  7  1  3 16 19 29 14 20 20 11  6 29 23 12  1  5 28 28 
11 10  8 17 17  0 12 24  5 12  3 24 21 24 14  9 12 11 13  9  1 24  6 30 19 
 2  6 20 10 10 12  0 17 12 27 10  5 26  3 18 14 19  1 20  6  7  6 22 30 18 
 4 13 21  1  7 24 17  0 23  1 13 21  7  5 20 11 26  5 21 23 15  3  9 26 14 
10  3  1  9  1  5 12 23  0 19 20 28 12 26  5  5 27 20  8 23 27 12  7 10 13 
 4  9 30 14  3 12 27  1 19  0 11 22 21 16 29 11  8 16 10 15 23  8 17 22 27 
 3 11 15 12 16  3 10 13 20 11  0  6 20 21 30 21  4 16 28 15 24  1 30  3 28 
 9 26 30  7 19 24  5 21 28 22  6  0  1 30 14 19 22  5 23 15  6 25 20 12 19 
19 20 29 22 29 21 26  7 12 21 20  1  0  5 12 27 28 20  3 12  6  7 13 25 26 
25 23 19 29 14 24  3  5 26 16 21 30  5  0 10  6 22 17 15  2 30  3 28  8 15 
18 28 14 18 20 14 18 20  5 29 30 14 12 10  0  3  6 27 19  3 20  6 29  6 14 
29 19  1 27 20  9 14 11  5 11 21 19 27  6  3  0 14  4  5 17 25 28  4 30 22 
 9 12 11  2 11 12 19 26 27  8  4 22 28 22  6 14  0 24 28  2  2 13  9 24 15 
10 10 15 16  6 11  1  5 20 16 16  5 20 17 27  4 24  0 25 17 24  5  8  6 13 
 9 27 22 27 29 13 20 21  8 10 28 23  3 15 19  5 28 25  0 15  9  7  2 22  8 
12 17  8  4 23  9  6 23 23 15 15 15 12  2  3 17  2 17 15  0 12 10 17 14 14 
10 14 26  3 12  1  7 15 27 23 24  6  6 30 20 25  2 24  9 12  0 10 20 21  8 
20 19 27  9  1 24  6  3 12  8  1 25  7  3  6 28 13  5  7 10 10  0 24  9 11 
15  6 10 19  5  6 22  9  7 17 30 20 13 28 29  4  9  8  2 17 20 24  0 17 21 
 7 17 29  3 28 30 30 26 10 22  3 12 25  8  6 30 24  6 22 14 21  9 17  0  5 
17  6 19 14 28 19 18 14 13 27 28 19 26 15 14 22 15 13  8 14  8 11 21  5  0 

 0 11 17  3  1  3  4 25  4 24  9 13 21 10 28 24  7  7  5 27 28 19  1 18 10 
11  0  6 30 16 14  4 14 24 19 21 22 29  4 15 14 13 21  3 19 29 21  5  6 24 
17  6  0 30 13 29 26 21 11  2 12 29 27  5 12 18 16 13 16  2  1  5 17 17 25 
 3 30 30  0 26  7 22 21  5 15 14  2 10 22 26 24 20 27 29 13 27 13 25 10  3 
 1 16 13 26  0 21  7 11 27  4  3 14 18 19 24 16 17 19  4 23 27 10  3 28 29 
 3 14 29  7 21  0 29 15  9  6 30 24  8 12 17  9 26 15  5  8 25 13  6 11 26 
 4  4 26 22  7 29  0 24 21  4 12 29  7 24  8  5  5  6 20 26  7 21 28 23 11 
25 14 21 21 11 15 24  0 12 27 28 23 24 27 10 30  5 19 29  1 10 24  1 15  1 
 4 24 11  5 27  9 21 12  0  5 22  9 23  9 15 10 14 19 28  8 25 18 15  4  1 
24 19  2 15  4  6  4 27  5  0 22 15 18 24 13 22 27 29  8  5  2 18  8 10 27 
 9 21 12 14  3 30 12 28 22 22  0 19 30 22 24 30 14 20 10 14 29 17  3 12 20 
13 22 29  2 14 24 29 23  9 15 19  0 29 26 24 15 23 10  4  9  5 30 17 29 24 
21 29 27 10 18  8  7 24 23 18 30 29  0  6  1 26 17  8 29 26 14 12 23  4 15 
10  4  5 22 19 12 24 27  9 24 22 26  6  0 15  6 18  2 20 14 11 17 12 25  4 
28 15 12 26 24 17  8 10 15 13 24 24  1 15  0 25  7 28  1  7 17 22  6 26  3 
24 14 18 24 16  9  5 30 10 22 30 15 26  6 25  0  8 24  4 20  1  1 24 29 24 
 7 13 16 20 17 26  5  5 14 27 14 23 17 18  7  8  0 20  5 30 23 25 11 20  6 
 7 21 13 27 19 15  6 19 19 29 20 10  8  2 28 24 20  0  2 25  5 28  3 14  5 
 5  3 16 29  4  5 20 29 28  8 10  4 29 20  1  4  5  2  0  3 21 18 26  9  1 
27 19  2 13 23  8 26  1  8  5 14  9 26 14  7 20 30 25  3  0 10 10 15 22  7 
28 29  1 27 27 25  7 10 25  2 29  5 14 11 17  1 23  5 21 10  0  7 30  7  5 
19 21  5 13 10 13 21 24 18 18 17 30 12 17 22  1 25 28 18 10  7  0  5 15  1 
 1  5 17 25  3  6 28  1 15  8  3 17 23 12  6 24 11  3 26 15 30  5  0  4  8 
18  6 17 10 28 11 23 15  4 10 12 29  4 25 26 29 20 14  9 22  7 15  4  0  3 
10 24 25  3 29 26 11  1  1 27 20 24 15  4  3 24  6  5  1  7  5  1  8  3  0 
