 0  5  7 27  9 22  2 23 27 13 18 10  9 30 11 30 22 21  4  1 
 5  0 19 25 20  2 29  4 23 11 19 24  9 21 22 21  3  2  2 27 
 7 19  0 13  3 18 28  6 14  3 27 10 17 16  8 25 25 17 20 15 
27 25 13  0  9 21  1 25  8 26 11  9 20 21  9  3 12 15 25 20 
 9 20  3  9  0 25  4 20 21  4  5 17 23  1 25  6  2 11 29 22 
22  2 18 21 25  0 14 15 18 29 16 16  4 26 22 17 28  5 25 29 
 2 29 28  1  4 14  0 16 11 21 10  6  5  1 20 17  4  1 30 16 
23  4  6 25 20 15 16  0  9  6  1 21 17  1 27 22 23 13  5 14 
27 23 14  8 21 18 11  9  0 22  9 23  5  4 21 27  4 10 29  3 
13 11  3 26  4 29 21  6 22  0  6 16 23 18 18  8 25 11 14 17 
18 19 27 11  5 16 10  1  9  6  0 20  8 25  4 28 13 26 11 25 
10 24 10  9 17 16  6 21 23 16 20  0 15 20  5  9  9 22  1 18 
 9  9 17 20 23  4  5 17  5 23  8 15  0 27  6 22 23 29  3 15 
30 21 16 21  1 26  1  1  4 18 25 20 27  0 17 10 14 30 27 28 
11 22  8  9 25 22 20 27 21 18  4  5  6 17  0 16  6 30 12  4 
30 21 25  3  6 17 17 22 27  8 28  9 22 10 16  0 10 25 28 19 
22  3 25 12  2 28  4 23  4 25 13  9 23 14  6 10  0  6 23 21 
21  2 17 15 11  5  1 13 10 11 26 22 29 30 30 25  6  0  2 29 
 4  2 20 25 29 25 30  5 29 14 11  1  3 27 12 28 23  2  0 25 
 1 27 15 20 22 29 16 14  3 17 25 18 15 28  4 19 21 29 25  0 

 0 11 29 11 25 19 23 16  8 16 11 19 12 15  4 10  4 22 14 17 
11  0  9  4 27 16  4 29 13 13 17  1 26 24 24 14 11 17 24 21 
29  9  0 27 12  6 12  9 13 26  9  3 18 28 11 24  6  4 29 29 
11  4 27  0 18 11 20 13 14 30 27 22  1  1  5 29 19 20 23 27 
25 27 12 18  0  2 27 18 12 18  3 23 30 19 27 23 16 14  9 10 
19 16  6 11  2  0  4  2  6 29 14 19 20 25  9 24 11 15 15 18 
23  4 12 20 27  4  0  1 27 15 29 20  1  3 21 19 11 10 19  8 
16 29  9 13 18  2  1  0  8 22  7  8  7  1 12  2  5 30  4  7 
 8 13 13 14 12  6 27  8  0 13 21  1  1 28 13 15  8 16  8 24 
16 13 26 30 18 29 15 22 13  0 19  4 23 10 25  4  4 28 19 23 
11 17  9 27  3 14 29  7 21 19  0  4 10  4 28  6  9 14 20 18 
19  1  3 22 23 19 20  8  1  4  4  0 21  4  9  4 21 20  9 30 
12 26 18  1 30 20  1  7  1 23 10 21  0 20 28 27 12 21 11 29 
15 24 28  1 19 25  3  1 28 10  4  4 20  0 10  5 14 25 22 22 
 4 24 11  5 27  9 21 12 13 25 28  9 28 10  0  5  3  2 27 12 
10 14 24 29 23 24 19  2 15  4  6  4 27  5  5  0 30 13 17 18 
 4 11  6 19 16 11 11  5  8  4  9 21 12 14  3 30  0 22  2 24 
22 17  4 20 14 15 10 30 16 28 14 20 21 25  2 13 22  0  9 25 
14 24 29 23  9 15 19  4  8 19 20  9 11 22 27 17  2  9  0  5 
17 21 29 27 10 18  8  7 24 23 18 30 29 22 12 18 24 25  5  0 

 0  9 29 14 22  7  1  8 21 28  8  6  9  1 22 20 26 27 27 18 
 9  0 12 15  7 22  9 25 21 17 30 14  9  6 29 15 21 28  2 15 
29 12  0  1  6 27  2 30 26  1 20 25 25 23 16 24  7 22 23  3 
14 15  1  0 15  6  2 22 14 26  7  3 21 16 21 16 13 15 24 14 
22  7  6 15  0 23 28 30 19 23 16  5  4  1  7  2 21 18 19 23 
 7 22 27  6 23  0 22 24 21 13 25  2 19 11  5  3 26  3 25 28 
 1  9  2  2 28 22  0 18 14  3 19  2 17 29  8 10 21 29 17 24 
 8 25 30 22 30 24 18  0 27  6 13  3 25 14 13 12 27 11 26 30 
21 21 26 14 19 21 14 27  0 30 29 26 16 25 15 10 10 21 22 14 
28 17  1 26 23 13  3  6 30  0 19 17 24 14  6 13 13 17  4 18 
 8 30 20  7 16 25 19 13 29 19  0 24 23 11 16 14 22 16 20 22 
 6 14 25  3  5  2  2  3 26 17 24  0 30 10 12  1 15  8 29 28 
 9  9 25 21  4 19 17 25 16 24 23 30  0 22 11 12 26 25 19 20 
 1  6 23 16  1 11 29 14 25 14 11 10 22  0 21 18  6 24  3  3 
22 29 16 21  7  5  8 13 15  6 16 12 11 21  0 22 14 29  6 18 
20 15 24 16  2  3 10 12 10 13 14  1 12 18 22  0 16 20  4 18 
26 21  7 13 21 26 21 27 10 13 22 15 26  6 14 16  0 21 20 10 
27 28 22 15 18  3 29 11 21 17 16  8 25 24 29 20 21  0  8 12 
27  2 23 24 19 25 17 26 22  4 20 29 19  3  6  4 20  8  0  2 
18 15  3 14 23 28 24 30 14 18 22 28 20  3 18 18 10 12  2  0 
